
INTERCOLUMNAR DISTANCE
-3.498799     623
-3.486455      12
-3.461768      10
-3.437080      10
-3.412392      16
             ... 
 5.759087      17
 8.314263      20
 9.523960      14
 9.943651      22
 11.819916     16
Name: Intercolumnar distance, Length: 144, dtype: int64
Totale: 20867

UPPER MARGIN
-2.426761      236
-2.395356       27
-2.089160       25
-1.963541       30
-1.947839       30
              ... 
 16.965662       4
 17.570202       8
 19.470188       7
 43.133656       1
 386.000000      1
Name: upper margin, Length: 208, dtype: int64
Totale: 20867

LOWER MARGIN
-3.210528     1237
-3.206971       34
-3.203415       59
-3.075385       34
-2.975805       29
              ... 
 6.260173        9
 6.381091        1
 7.419561       10
 7.458681        8
 50.000000       1
Name: lower margin, Length: 232, dtype: int64
Totale: 20867

EXPLOITATION
-5.440122    80
-3.441837    10
-3.018853    21
-2.986300    10
-2.963951    21
             ..
 2.211191    31
 2.258633    30
 2.791392    23
 2.974359     1
 3.987152    28
Name: exploitation, Length: 751, dtype: int64
Totale: 20867

ROW NUMBER
-4.922215      543
-4.832837       13
-4.743459        9
-4.654081       15
-3.849677       15
-3.313408       20
-3.224030       31
-3.134652       20
-3.045274       44
-2.777139       20
-2.687761       44
-2.509005       17
-2.419627       33
-2.062114       23
-1.793980       59
-1.704602       23
-1.615223       23
-1.525845       20
-1.436467       45
-1.347089      163
-1.257711      218
-1.168333      204
-1.078955      235
-0.989576      180
-0.900198      196
-0.810820       27
-0.721442      104
-0.632064       27
-0.542686       51
-0.453307       13
-0.363929       23
-0.274551       27
-0.185173      193
-0.095795      171
-0.006417      275
 0.000000        1
 0.082961     1015
 0.172340     3886
 0.261718    10320
 0.351096      346
 0.440474      116
 0.529852       62
 0.619230      180
 0.708609      187
 0.797987      191
 0.887365      235
 0.976743     1136
 1.066121       68
Name: row number, dtype: int64
Totale: 20867

MODULAR RATIO
-7.450257     6
-4.668092     1
-4.418943     1
-4.169795     1
-4.128270     2
             ..
 5.048721     1
 5.505495     1
 7.996985     1
 12.315569    1
 53.000000    1
Name: modular ratio, Length: 262, dtype: int64
Totale: 20867

INTERLINEAR SPACING
-11.935457    27
-9.670432      1
-9.066425      1
-8.990925      4
-8.953175      1
              ..
 5.127730      1
 7.392756      1
 8.902772      1
 10.714792     1
 83.000000     1
Name: interlinear spacing, Length: 281, dtype: int64
Totale: 20867

WEIGHT
-4.247781     1
-4.164819     1
-4.090691     1
-4.090167     1
-4.064461     1
             ..
 3.987439     1
 4.251197     1
 4.510897     1
 4.580832     1
 13.173081    1
Name: weight, Length: 19612, dtype: int64
Totale: 20867

PEAK NUMBER
-5.486218     1
-5.423855     1
-5.049677     1
-4.737863     3
-4.613137     1
             ..
 3.119868     1
 3.182231     1
 3.213413     1
 3.244594     1
 44.000000    1
Name: peak number, Length: 288, dtype: int64
Totale: 20867

MODULAR RATIO / INTERLINEAR SPACING
-6.719324     30
-6.092301      1
-5.907917      1
-5.869281      1
-5.830644      1
              ..
 4.443329      1
 4.671232      1
 7.654104      1
 7.900729      1
 11.911338     1
Name: modular ratio / interlinear spacing, Length: 19294, dtype: int64
Totale: 20867

CLASS
A    8572
B      10
C     206
D     705
E    2190
F    3923
G     893
H    1039
I    1663
W      89
X    1044
Y     533
Name: Class, dtype: int64
Totale: 20867
