
SIG_1
-74      1
-73      3
-72      3
-71      4
-70      5
-69      6
-68     19
-67     26
-66     45
-65     57
-64     82
-63     99
-62    107
-61    118
-60     92
-59    131
-58     86
-57     61
-56     42
-55     25
-54     14
-53     37
-52     75
-51     77
-50     64
-49     84
-48     58
-47     39
-46     49
-45     41
-44     18
-43     27
-42     32
-41     32
-40     54
-39     33
-38     53
-37     51
-36     46
-35     27
-34     13
-27      3
-26      2
-21      1
-20      2
-19      8
-18      8
-17     11
-16      4
-15      4
-14      6
-13      4
-12      6
-11      2
-10      3
Name: Sig_1, dtype: int64
Totale: 2000

SIG_2
-74      1
-70      2
-69      1
-68      2
-66      5
-65      3
-64     16
-63     29
-62     39
-61     44
-60     87
-59    132
-58    194
-57    231
-56    245
-55    212
-54    214
-53    179
-52    156
-51     94
-50     62
-49     22
-48     14
-47      9
-46      6
-45      1
Name: Sig_2, dtype: int64
Totale: 2000

SIG_3
-73      2
-71      1
-70      3
-69      2
-68      7
-67     16
-66     24
-65     45
-64     41
-63     51
-62     60
-61     65
-60     80
-59     93
-58    103
-57    145
-56    149
-55    139
-54    144
-53    141
-52    142
-51    138
-50    128
-49     82
-48     61
-47     37
-46     34
-45     29
-44     20
-43     11
-42      5
-41      1
-40      1
Name: Sig_3, dtype: int64
Totale: 2000

SIG_4
-77      2
-76      1
-75      2
-74      5
-73      3
-72      4
-71     15
-70     18
-69     27
-68     39
-67     51
-66     78
-65     94
-64     87
-63     80
-62     82
-61     99
-60     87
-59    104
-58     57
-57     37
-56     36
-55     53
-54     46
-53     45
-52     63
-51     56
-50     59
-49     74
-48     45
-47     33
-46     32
-45     35
-44     27
-43     47
-42     36
-41     38
-40     40
-39     32
-38     43
-37     54
-36     48
-35     24
-34      8
-28      1
-27      7
-26      1
-25      1
-22      1
-21      2
-20      4
-19      2
-18      6
-17      3
-16      8
-15     10
-14      5
-13      2
-11      1
Name: Sig_4, dtype: int64
Totale: 2000

SIG_5
-89      1
-86      1
-85      1
-84      2
-83      3
-82      3
-81      9
-80     13
-79      5
-78     11
-77     22
-76     24
-75     54
-74     56
-73     52
-72     43
-71     77
-70     74
-69     93
-68    108
-67    100
-66    109
-65     93
-64    117
-63    117
-62     96
-61     70
-60     66
-59     35
-58     27
-57     17
-56     13
-55     20
-54     21
-53     29
-52     54
-51     55
-50     69
-49     61
-48     47
-47     38
-46     28
-45     24
-44     11
-43     15
-42      9
-41      2
-40      2
-39      2
-36      1
Name: Sig_5, dtype: int64
Totale: 2000

SIG_6
-97      1
-96      6
-95      6
-94      6
-93     16
-92     29
-91     41
-90     10
-89     66
-88    116
-87    138
-86    125
-85    126
-84    113
-83    102
-82    105
-81    124
-80    121
-79    133
-78     95
-77     73
-76     59
-75     42
-74     40
-73     43
-72     52
-71     50
-70     43
-69     31
-68     19
-67     20
-66     21
-65     18
-64      7
-63      1
-62      1
-61      1
Name: Sig_6, dtype: int64
Totale: 2000

SIG_7
-98      7
-96      1
-95      2
-94     10
-93     28
-92     36
-91     55
-90     28
-89     79
-88    119
-87    139
-86    138
-85    157
-84    114
-83    104
-82     98
-81    108
-80    108
-79    105
-78     88
-77     74
-76     46
-75     51
-74     46
-73     46
-72     39
-71     38
-70     40
-69     27
-68     11
-67     14
-66     19
-65     11
-64     13
-63      1
Name: Sig_7, dtype: int64
Totale: 2000

STANZA
1    500
2    500
3    500
4    500
Name: Stanza, dtype: int64
Totale: 2000
