
WCONFID
1    51000
2    51000
3    51000
Name: wconfid, dtype: int64
Totale: 153000

PCTID
20     9000
25     9000
30     9000
35     9000
40     9000
45     9000
50     9000
55     9000
60     9000
65     9000
70     9000
75     9000
80     9000
85     9000
90     9000
95     9000
100    9000
Name: pctid, dtype: int64
Totale: 153000

X
-8.000     3
-7.926     1
-7.848     1
-7.785     1
-7.637     1
          ..
 7.902     1
 7.922     1
 7.930     2
 7.949     1
 7.996    29
Name: x, Length: 2733, dtype: int64
Totale: 153000

Y
-8.000    33
-7.992     1
-7.988     1
-7.980     1
-7.934     1
          ..
 7.313     1
 7.391     1
 7.520     1
 7.992     1
 7.996     1
Name: y, Length: 2653, dtype: int64
Totale: 153000

Z
-5.867    1
-5.293    1
-5.137    1
-5.090    1
-5.059    1
         ..
 4.723    1
 4.793    1
 4.855    1
 4.992    1
 6.086    1
Name: z, Length: 1808, dtype: int64
Totale: 153000
